90.14
90.31
90.31
90.31
90.31
90.31
90.31
90.31
90.31
90.31
90.31
90.31
90.31
90.31
90.31
90.31
90.31
90.31
90.31
89.36
81.75
86.78
90.27
90.31
90.31
90.31
90.31
90.31
90.31
90.31
90.31
90.31
90.31
90.31
90.31
90.31
90.31
90.31
90.31
90.31
90.31
90.31
90.31
90.31
90.31
90.31
90.31
90.31
90.31
90.31
90.31
90.31
90.31
90.31
90.31
90.31
90.31
90.31
90.31
90.31
90.31
90.31
90.31
90.31
90.31
90.31
90.31
90.31
90.31
90.31
90.31
90.31
90.31
90.31
90.31
90.31
90.31
90.31
90.31
90.31
90.31
90.31
90.31
90.31
90.31
90.31
90.31
90.31
90.31
90.31
90.31
90.31
90.31
90.31
90.31
90.31
90.31
90.31
90.31
90.31
90.31
90.31
90.31
90.31
90.31
90.31
90.31
90.31
90.31
90.31
90.31
90.31
90.31
90.31
90.31
90.31
90.31
90.31
90.31
90.31
90.31
90.31
90.31
90.31
90.31
90.31
90.31
90.31
90.31
90.31
90.31
90.31
90.31
90.31
90.31
90.31
90.31
90.31
90.31
90.31
90.31
90.31
90.31
90.31
90.31
90.31
90.31
90.31
90.31
90.31
90.31
90.31
90.31
90.31
90.31
90.31
90.31
90.31
90.31
90.31
90.31
90.31
90.31
90.31
90.31
90.31
90.31
90.31
90.31
90.31
90.31
90.31
90.31
90.31
90.31
90.31
90.31
90.31
90.31
90.31
90.31
90.31
90.31
90.31
90.31
90.31
90.31
90.28
90.23
90.16
90.01
89.39
88.99
88.94
88.85
88.92
88.51
88.28
87.63
86.68
86.39
86.72
86.74
86.53
85.71
85.73
85.85
85.85
85.88
85.45
85.02
85.01
84.93
85.22
85.43
85.18
84.98
84.65
84.66
84.32
84.16
83.91
83.30
83.30
83.00
82.54
81.73
80.60
80.62
81.12
80.58
80.48
81.01
80.32
79.42
79.16
79.59
79.25
78.68
78.65
79.00
79.02
79.38
79.42
79.19
78.85
78.42
77.62
78.04
78.66
78.44
79.25
78.90
77.33
76.89
76.96
77.59
77.22
76.10
76.14
75.15
74.85
75.27
75.86
74.44
71.61
71.10
71.72
74.41
75.75
74.40
72.85
72.16
73.45
73.24
73.86
74.68
74.08
74.24
73.50
73.63
71.90
70.56
72.84
73.19
74.13
73.81
73.02
71.05
68.07
67.94
66.34
67.69
68.96
68.67
67.60
62.23
65.53
62.37
60.78
65.84
68.36
67.44
68.35
70.32
71.71
69.84
64.83
64.55
66.54
69.01
69.27
68.62
68.97
66.29
61.16
67.53
69.96
66.51
53.42
61.26
66.53
62.15
59.43
65.39
64.55
63.31
57.80
61.33
57.97
57.35
66.46
67.29
69.56
65.88
64.75
60.79
60.72
64.91
65.40
66.73
66.73
63.40
63.06
62.89
62.15
54.60
58.91
68.22
63.61
58.39
57.63
60.20
51.84
54.00
58.07
61.02
62.10
65.14
67.01
63.69
63.52
53.37
59.16
61.10
61.90
65.90
62.81
62.59
56.00
59.94
53.62
62.23
64.39
61.55
57.96
57.54
51.29
55.79
57.63
56.76
53.66
55.76
66.18
63.19
63.72
60.84
54.95
57.15
60.60
53.44
57.29
63.26
63.04
56.78
59.23
59.83
60.34
55.90
57.58
62.23
64.46
67.18
64.95
63.40
55.43
56.71
53.52
58.88
58.49
56.71
53.59
60.14
54.20
54.20
56.20
54.63
55.55
57.60
55.39
57.17
61.61
54.03
54.62
52.23
59.09
56.91
54.27
61.08
59.25
56.26
57.99
54.07
57.75
58.56
59.37
59.15
64.91
59.56
60.31
62.65
54.44
58.63
62.94
59.73
53.79
60.42
60.80
55.69
57.80
55.69
56.28
57.73
57.90
57.44
59.79
61.13
65.14
59.83
54.99
62.00
57.59
64.06
62.27
61.88
57.99
54.95
54.82
57.13
54.65
53.80
55.96
58.78
61.71
60.46
63.16
64.48
65.17
62.02
63.36
64.84
64.96
64.53
62.61
60.08
59.88
62.02
58.01
67.57
66.79
68.98
63.40
59.84
63.16
58.28
58.39
59.66
61.05
62.54
62.81
64.91
60.30
56.62
59.60
56.50
61.94
57.34
57.68
65.95
59.49
60.57
60.63
60.47
63.33
56.84
57.31
57.64
58.82
62.73
61.67
62.93
53.61
55.52
58.77
58.63
57.91
57.49
60.33
59.17
54.82
59.73
63.02
58.90
62.39
61.52
60.82
59.32
56.96
58.53
57.05
57.40
57.19
57.71
53.91
59.39
60.34
63.41
58.98
62.35
57.03
61.42
63.23
55.09
61.73
58.81
65.32
59.11
55.19
56.78
57.54
66.24
62.77
57.74
61.50
62.17
62.02
59.51
58.92
56.60
59.62
63.68
62.08
63.81
58.86
58.91
57.55
57.77
53.01
51.64
58.41
56.71
60.99
58.44
61.15
64.44
61.47
61.51
60.63
61.58
54.68
60.30
63.99
58.69
61.66
53.55
55.48
54.44
53.46
59.18
54.00
57.57
63.69
60.18
65.55
62.29
56.26
53.10
54.22
54.34
54.53
60.95
59.03
58.48
58.13
57.41
64.10
55.28
55.27
56.26
62.87
64.59
60.14
59.75
57.59
58.14
58.74
54.39
59.63
57.03
55.66
61.71
57.72
54.99
57.01
51.60
57.58
61.12
63.14
54.01
55.66
59.93
56.23
62.56
61.08
54.27
53.08
58.16
63.69
60.59
54.47
52.61
52.08
56.50
53.46
54.05
60.02
60.88
57.94
60.94
53.22
54.20
57.58
58.70
56.64
54.62
61.76
62.17
61.02
59.14
56.44
60.86
61.24
54.95
58.96
55.86
57.49
64.02
57.37
58.35
53.52
55.66
57.97
56.90
62.92
65.11
58.19
61.26
63.58
56.46
61.31
64.76
57.55
54.40
56.62
55.59
53.64
60.40
58.89
60.00
62.72
54.98
52.36
53.94
52.99
55.50
60.60
59.97
56.40
54.85
52.89
61.68
61.78
60.41
56.20
57.75
50.78
52.67
57.24
55.55
50.42
56.11
61.28
57.41
57.49
59.30
60.04
61.72
59.63
56.69
57.28
54.42
52.81
53.14
52.89
55.72
59.44
57.71
53.26
52.71
59.94
57.81
57.81
63.27
64.91
58.89
58.39
61.19
52.73
58.07
61.12
64.05
57.05
53.64
58.40
65.41
58.11
58.43
59.55
57.70
54.37
63.24
65.39
54.44
62.14
58.43
54.42
57.24
59.31
59.22
57.43
56.14
61.10
55.06
55.59
56.08
59.31
54.32
56.70
60.12
55.40
60.65
62.26
60.97
55.10
55.85
60.13
63.12
61.55
58.14
54.57
58.66
60.37
64.72
64.31
57.41
59.49
62.15
63.68
64.39
59.52
55.33
59.84
55.69
58.28
59.26
61.62
61.60
56.80
56.07
53.46
57.07
53.70
57.84
55.59
59.34
56.96
57.84
56.81
57.41
56.57
57.01
59.78
53.44
54.47
54.98
50.86
55.03
59.75
58.14
60.31
51.69
55.27
59.67
59.55
63.91
67.22
62.97
61.08
56.98
60.22
58.20
61.85
62.26
55.52
62.24
63.78
63.20
57.09
55.59
54.50
59.06
61.32
67.09
61.97
54.19
56.94
59.73
61.66
53.18
55.88
56.01
57.86
60.49
57.84
54.35
55.99
58.18
59.37
52.13
53.59
63.26
54.79
58.17
59.21
54.78
51.64
58.43
61.39
52.53
55.52
56.24
56.81
56.78
55.83
62.69
54.49
54.17
55.24
58.32
61.94
60.88
62.54
61.62
60.15
59.89
62.33
59.96
58.80
61.73
53.80
56.07
53.33
56.03
55.88
57.75
57.62
54.45
56.28
55.89
55.97
56.94
61.54
55.93
51.91
57.55
58.16
62.47
58.60
61.11
53.66
58.86
57.99
56.32
58.63
56.73
60.75
60.61
61.98
53.57
60.94
58.39
63.98
54.17
61.40
60.97
63.92
56.98
58.20
52.53
53.16
62.70
62.35
59.65
54.49
53.03
57.55
53.70
57.21
58.30
58.57
55.81
55.53
59.43
60.25
54.22
60.42
60.36
63.13
61.85
61.90
56.30
56.46
63.48
61.96
61.36
58.29
57.29
63.46
59.61
57.24
59.09
57.24
57.24
55.59
65.50
56.31
59.17
59.74
62.12
61.06
61.15
61.86
54.85
57.19
56.66
55.58
55.71
63.96
60.84
60.01
58.81
55.28
54.84
53.61
58.49
52.53
55.01
55.31
51.05
58.90
56.55
52.23
54.03
52.91
59.39
55.10
57.35
59.97
57.81
58.26
51.89
55.46
54.71
60.56
59.56
59.55
60.56
59.65
51.17
56.71
54.89
56.23
56.19
55.34
